W,S,Q,U,H,qs,Morphology
65.23,0.0041,319.98,2.9,1.69,44.5,Riffle-pool
3.3,0.018,1.08,1.0,0.32,8.12,Riffle-pool
7.0,0.0015,3.96,0.73,0.78,70.0,Riffle-pool
166.12,0.00068,1124.18,1.78,3.81,17.8,Riffle-pool
8.38,0.013018,2.5,0.83,0.38,0.6,Riffle-pool
9.0,0.0032,4.4,0.89,0.55,69.0,Riffle-pool
7.0,0.0015,5.24,0.8,0.93,258.0,Riffle-pool
9.8,0.016,3.4,0.98,0.35,0.0604,Riffle-pool
6.7,0.025,1.25,0.62,0.3,0.325,Riffle-pool
8.0,0.02,2.96,1.18,0.31,4.2,Riffle-pool
8.6,0.009,4.11,1.26,0.37,10.6,Riffle-pool
63.0,0.0025,90.3,1.7,0.86,13400.0,Riffle-pool
10.15,0.016,4.53,1.11,0.4,1.41,Riffle-pool
2.57,0.011,1.62,1.41,0.45,8.54,Riffle-pool
3.5,0.016,1.4,0.98,0.41,11.0,Riffle-pool
8.44,0.0116,2.63,0.9,0.34,6.9,Riffle-pool
14.6,0.0007,4.2,0.65,0.44,0.88,Riffle-pool
8.79,0.016,1.39,0.65,0.24,0.145,Riffle-pool
7.0,0.0015,3.49,0.63,0.79,147.0,Riffle-pool
12.92,0.0054,7.56,0.77,0.76,5.62,Riffle-pool
53.0,0.0013,34.8,1.4,0.46,1560.0,Riffle-pool
182.88,0.00092,2067.13,2.41,4.72,25.3,Riffle-pool
5.33,0.011,1.22,0.66,0.35,1.39,Riffle-pool
9.0,0.0032,10.72,1.37,0.87,606.0,Riffle-pool
53.04,0.0038,43.89,1.26,0.66,4.47,Riffle-pool
59.8,0.0041,152.35,2.14,1.19,5.83,Riffle-pool
7.6,0.014,1.75,0.96,0.24,0.493,Riffle-pool
8.42,0.0114,2.88,0.97,0.37,6.5,Riffle-pool
2.57,0.011,1.34,1.28,0.41,2.73,Riffle-pool
2.57,0.0102,2.18,1.64,0.52,24.5,Riffle-pool
7.0,0.0015,2.06,0.56,0.53,125.0,Riffle-pool
8.44,0.008,3.4,1.14,0.33,2.22,Riffle-pool
9.0,0.0032,5.31,0.94,0.63,10.0,Riffle-pool
7.0,0.0015,2.91,0.62,0.67,148.0,Riffle-pool
56.39,0.0038,160.84,1.99,1.43,19.3,Riffle-pool
8.1,0.013,3.66,1.18,0.37,10.5,Riffle-pool
4.1,0.016,0.77,0.75,0.25,0.978,Riffle-pool
9.0,0.0032,7.76,1.16,0.74,483.0,Riffle-pool
1.1,0.005,0.05,0.35,0.13,0.364,Riffle-pool
9.3,0.016,3.69,1.23,0.32,10.6,Riffle-pool
5.5,0.0095,0.67,0.58,0.21,12.8,Riffle-pool
53.04,0.0038,69.94,1.48,0.89,13.4,Riffle-pool
56.39,0.0038,160.84,1.99,1.43,31.0,Riffle-pool
8.2,0.023,3.14,1.18,0.37,5.33,Riffle-pool
9.0,0.0032,7.74,1.1,0.78,35.0,Riffle-pool
8.32,0.014201,3.51,1.01,0.42,2.2,Riffle-pool
3.4,0.016,1.4,1.1,0.38,0.847,Riffle-pool
42.67,0.0041,84.1,1.67,1.18,0.0738,Riffle-pool
14.6,0.0007,6.55,0.76,0.59,2.75,Riffle-pool
9.0,0.0032,2.07,0.54,0.42,29.0,Riffle-pool
8.37,0.0122,1.65,0.76,0.29,0.7,Riffle-pool
53.04,0.0038,53.8,1.35,0.75,3.71,Riffle-pool
10.57,0.016,6.31,1.3,0.46,5.67,Riffle-pool
8.35,0.022,4.1,1.46,0.34,7.97,Riffle-pool
8.8,0.0096,1.44,0.81,0.2,1.99,Riffle-pool
40.5,0.0025,12.0,0.79,0.37,55.3,Riffle-pool
9.0,0.0032,2.84,0.64,0.49,142.0,Riffle-pool
9.5,0.022,5.3,1.55,0.36,36.9,Riffle-pool
8.4,0.01213,1.61,0.62,0.3,0.3,Riffle-pool
7.0,0.0015,5.24,0.92,0.81,187.0,Riffle-pool
14.6,0.0007,21.6,1.14,1.3,83.6,Riffle-pool
9.0,0.0032,3.09,0.66,0.52,9.3,Riffle-pool
182.88,0.00094,2132.26,2.45,4.79,96.8,Riffle-pool
65.53,0.0041,328.48,2.93,1.71,367.0,Riffle-pool
12.91,0.013,4.77,1.05,0.39,3.8,Riffle-pool
2.5,0.018,0.23,0.52,0.11,1.54,Riffle-pool
265.0,0.00045,257.0,0.66,1.5,22.1,Riffle-pool
8.39,0.014793,3.62,1.01,0.41,2.7,Riffle-pool
8.3,0.013,2.5,0.98,0.31,5.12,Riffle-pool
1.1,0.006,0.03,0.28,0.1,1.8,Riffle-pool
8.6,0.014,4.01,1.28,0.36,8.29,Riffle-pool
14.05,0.0054,12.65,1.01,0.89,11.4,Riffle-pool
226.0,0.00025,348.0,0.8,1.9,11.1,Riffle-pool
9.0,0.0032,1.92,0.58,0.37,13.0,Riffle-pool
8.46,0.0131,2.93,1.01,0.37,8.2,Riffle-pool
7.0,0.0015,1.82,0.48,0.55,74.5,Riffle-pool
9.0,0.0032,1.93,0.54,0.4,17.0,Riffle-pool
7.85,0.016,1.9,0.85,0.29,0.614,Riffle-pool
14.6,0.0007,19.2,1.19,1.17,21.9,Riffle-pool
64.0,0.0019,135.0,1.9,1.1,127000.0,Riffle-pool
6.02,0.0095,1.43,0.72,0.33,12.8,Riffle-pool
17.0,0.0058,4.59,1.0,0.26,1.19,Riffle-pool
9.77,0.016,3.31,0.97,0.35,0.074,Riffle-pool
6.4,0.0213,0.38,0.31,0.19,0.673,Riffle-pool
9.0,0.0032,5.74,0.98,0.65,52.0,Riffle-pool
7.5,0.015,1.95,1.01,0.26,0.62,Riffle-pool
8.6,0.022,3.37,1.37,0.29,11.1,Riffle-pool
7.1,0.013,2.66,1.07,0.35,1.44,Riffle-pool
7.6,0.012,2.7,1.12,0.32,1.18,Riffle-pool
2.5,0.018,0.2,0.44,0.18,8.44,Riffle-pool
9.55,0.018,5.07,1.45,0.37,10.3,Riffle-pool
14.6,0.0007,25.6,1.22,1.44,174.0,Riffle-pool
14.07,0.0054,12.76,1.02,0.89,5.47,Riffle-pool
2.57,0.011,1.37,1.29,0.41,5.08,Riffle-pool
8.53,0.015,3.63,1.25,0.35,7.05,Riffle-pool
8.49,0.008,3.03,1.22,0.32,3.65,Riffle-pool
8.36,0.0124,2.01,0.98,0.36,3.1,Riffle-pool
7.0,0.0015,3.14,0.64,0.7,117.0,Riffle-pool
9.0,0.0032,3.9,0.82,0.53,33.0,Riffle-pool
8.6,0.019,5.08,1.51,0.42,20.0,Riffle-pool
5.98,0.0095,1.28,0.69,0.31,14.5,Riffle-pool
7.0,0.0015,1.2,0.48,0.36,47.0,Riffle-pool
273.0,0.00037,399.0,0.9,1.6,49.1,Riffle-pool
7.0,0.0015,4.15,0.77,0.77,277.0,Riffle-pool
5.77,0.0095,1.05,0.7,0.26,12.8,Riffle-pool
274.0,0.00031,295.0,0.86,1.3,49.3,Riffle-pool
13.5,0.017,10.12,1.49,0.51,9.2,Riffle-pool
158.5,0.0006,925.96,1.62,3.57,5.55,Riffle-pool
53.34,0.0038,70.79,1.49,0.89,13.9,Riffle-pool
9.0,0.0032,2.81,0.65,0.48,158.0,Riffle-pool
13.4,0.016,9.31,1.4,0.47,7.8,Riffle-pool
9.0,0.0032,5.67,1.19,0.53,420.0,Riffle-pool
2.57,0.011,1.3,1.26,0.4,6.03,Riffle-pool
9.0,0.0032,0.93,0.34,0.3,17.0,Riffle-pool
10.27,0.016,4.98,1.16,0.42,0.636,Riffle-pool
4.88,0.011,1.1,0.62,0.36,0.781,Riffle-pool
9.0,0.0032,4.11,0.86,0.53,84.0,Riffle-pool
9.0,0.0032,4.9,0.97,0.56,40.0,Riffle-pool
9.0,0.0032,2.85,0.63,0.5,15.4,Riffle-pool
34.5,0.0026,43.8,1.3,1.0,4.14,Riffle-pool
9.13,0.015,3.91,1.18,0.37,5.3,Riffle-pool
3.4,0.016,1.39,1.1,0.38,1.24,Riffle-pool
56.39,0.0038,143.85,1.91,1.33,32.6,Riffle-pool
17.0,0.0058,5.21,1.0,0.31,2.01,Riffle-pool
14.6,0.0007,25.5,1.22,1.43,13.0,Riffle-pool
1.1,0.006,0.03,0.26,0.1,0.327,Riffle-pool
8.36,0.012,2.68,0.9,0.34,4.0,Riffle-pool
8.46,0.0145,4.6,1.29,0.44,29.4,Riffle-pool
8.41,0.014793,4.94,1.24,0.47,20.9,Riffle-pool
176.78,0.00082,1625.39,2.15,4.33,103.0,Riffle-pool
6.05,0.019,0.67,0.6,0.18,0.00661,Riffle-pool
14.6,0.0007,20.1,0.87,0.93,192.0,Riffle-pool
9.3,0.017,4.7,1.37,0.37,18.7,Riffle-pool
14.69,0.0054,16.61,1.17,0.96,20.2,Riffle-pool
7.8,0.018,2.85,1.13,0.33,2.08,Riffle-pool
8.0,0.017,2.66,1.07,0.31,3.32,Riffle-pool
14.6,0.0007,18.9,1.09,1.19,34.7,Riffle-pool
8.2,0.014,3.56,1.17,0.36,1.65,Riffle-pool
9.0,0.0032,3.84,0.78,0.55,62.0,Riffle-pool
15.09,0.0054,19.61,1.28,1.01,23.5,Riffle-pool
65.23,0.0041,319.98,2.9,1.69,72.4,Riffle-pool
14.6,0.0007,24.3,1.2,1.38,83.9,Riffle-pool
9.0,0.0032,2.0,0.5,0.45,3.2,Riffle-pool
7.65,0.019,1.69,0.93,0.24,2.74,Riffle-pool
8.2,0.019,2.29,0.95,0.29,1.36,Riffle-pool
8.84,0.017,3.88,1.29,0.35,6.99,Riffle-pool
65.53,0.0041,328.48,2.93,1.71,78.2,Riffle-pool
239.0,0.00031,739.0,1.1,2.9,105.0,Riffle-pool
7.0,0.0015,2.41,0.58,0.59,78.0,Riffle-pool
172.21,0.00077,1466.81,2.04,4.18,63.4,Riffle-pool
5.3,0.0096,0.74,0.82,0.17,6.45,Riffle-pool
192.02,0.00112,3001.59,2.91,5.36,86.2,Riffle-pool
8.35,0.017,3.81,1.23,0.35,9.55,Riffle-pool
33.5,0.0026,25.1,0.96,0.79,1.31,Riffle-pool
8.34,0.0124,1.69,0.86,0.32,1.6,Riffle-pool
14.6,0.0007,14.3,0.99,0.99,23.2,Riffle-pool
4.46,0.0095,0.89,0.57,0.35,46.6,Riffle-pool
9.0,0.0032,7.56,1.13,0.74,83.0,Riffle-pool
12.9,0.014,4.61,1.07,0.38,1.7,Riffle-pool
6.8,0.0213,1.38,0.66,0.31,0.265,Riffle-pool
57.91,0.0038,212.94,2.2,1.67,67.4,Riffle-pool
12.8,0.013,4.01,0.94,0.36,0.7,Riffle-pool
8.38,0.013905,3.18,0.93,0.36,14.4,Riffle-pool
53.04,0.0038,38.51,1.2,0.61,0.478,Riffle-pool
14.6,0.0007,9.58,0.72,0.61,48.5,Riffle-pool
160.0,0.00032,53.8,0.5,0.68,14.9,Riffle-pool
14.6,0.0007,7.01,0.83,0.58,4.73,Riffle-pool
8.2,0.019,2.95,1.11,0.35,4.21,Riffle-pool
14.6,0.0007,41.5,1.41,2.01,292.0,Riffle-pool
8.41,0.0124,1.36,0.7,0.23,0.3,Riffle-pool
4.1,0.016,1.24,0.88,0.35,1.45,Riffle-pool
7.0,0.0015,5.7,0.83,0.98,233.0,Riffle-pool
10.21,0.016,4.75,1.14,0.41,3.97,Riffle-pool
7.6,0.016,1.34,0.74,0.24,0.1,Riffle-pool
9.57,0.019,4.31,1.37,0.34,5.7,Riffle-pool
67.0,0.0025,247.0,2.7,1.5,122000.0,Riffle-pool
9.0,0.0032,7.08,1.17,0.67,47.0,Riffle-pool
8.69,0.017,3.75,1.34,0.36,9.33,Riffle-pool
14.6,0.0007,3.43,0.55,0.34,21.7,Riffle-pool
9.43,0.016,2.48,0.85,0.31,0.29,Riffle-pool
185.93,0.00099,2378.62,2.59,4.97,85.9,Riffle-pool
14.6,0.0007,9.87,0.87,0.78,83.9,Riffle-pool
10.55,0.016,6.23,1.29,0.46,43.4,Riffle-pool
34.5,0.0026,43.6,1.2,1.0,1.28,Riffle-pool
14.6,0.0007,17.6,1.07,1.12,69.1,Riffle-pool
8.4,0.009,3.47,1.22,0.33,3.41,Riffle-pool
5.48,0.0095,0.69,0.37,0.34,57.8,Riffle-pool
2.57,0.0095,3.12,1.96,0.62,0.499,Riffle-pool
8.78,0.016,3.22,1.24,0.32,5.93,Riffle-pool
8.7,0.014201,6.34,1.44,0.56,33.1,Riffle-pool
2.57,0.011,1.21,1.22,0.39,1.72,Riffle-pool
14.6,0.0007,8.48,0.8,0.72,9.52,Riffle-pool
14.6,0.0007,17.8,1.09,1.11,23.5,Riffle-pool
56.39,0.0038,123.75,1.81,1.21,47.6,Riffle-pool
7.0,0.0015,8.42,0.96,1.25,496.0,Riffle-pool
2.57,0.011,1.1,1.16,0.37,2.13,Riffle-pool
7.0,0.0015,2.91,0.66,0.63,106.0,Riffle-pool
8.46,0.0134,3.04,0.98,0.37,10.0,Riffle-pool
9.57,0.016,2.8,0.89,0.33,0.653,Riffle-pool
8.85,0.016,4.72,1.53,0.38,16.6,Riffle-pool
4.88,0.011,0.89,0.55,0.33,0.138,Riffle-pool
8.6,0.014201,6.11,1.34,0.53,19.3,Riffle-pool
8.1,0.016,3.18,1.16,0.35,5.21,Riffle-pool
2.57,0.0104,2.04,1.58,0.5,5.53,Riffle-pool
14.6,0.0007,5.99,0.74,0.62,14.8,Riffle-pool
13.82,0.0054,11.43,0.96,0.86,65.1,Riffle-pool
8.58,0.014201,6.29,1.28,0.5,12.3,Riffle-pool
7.5,0.015,2.47,1.12,0.29,0.159,Riffle-pool
14.6,0.0007,20.9,1.09,1.31,179.0,Riffle-pool
8.1,0.013,2.58,1.09,0.31,2.0,Riffle-pool
9.0,0.0032,7.81,1.14,0.76,78.0,Riffle-pool
277.0,0.00033,320.0,0.79,1.5,53.1,Riffle-pool
7.8,0.017,1.82,0.93,0.25,2.59,Riffle-pool
7.0,0.0015,2.56,0.6,0.61,135.0,Riffle-pool
53.04,0.0038,64.28,1.44,0.84,13.2,Riffle-pool
2.8,0.018,0.33,0.6,0.2,4.29,Riffle-pool
3.3,0.016,0.96,0.88,0.33,0.282,Riffle-pool
9.0,0.0032,3.88,0.88,0.49,35.0,Riffle-pool
14.6,0.0007,3.71,0.8,0.71,43.2,Riffle-pool
14.6,0.0007,8.08,0.69,0.55,156.0,Riffle-pool
3.4,0.016,1.21,0.94,0.38,2.05,Riffle-pool
14.6,0.0007,15.8,0.82,0.81,43.9,Riffle-pool
7.0,0.0015,2.6,0.7,0.53,89.0,Riffle-pool
4.97,0.011,1.08,0.61,0.35,4.82,Riffle-pool
7.0,0.0015,5.16,0.83,0.89,225.0,Riffle-pool
8.36,0.01,2.49,0.97,0.35,1.88,Riffle-pool
2.1,0.018,0.13,0.48,0.12,0.5,Riffle-pool
9.0,0.0032,4.65,0.89,0.58,11.0,Riffle-pool
6.6,0.025,0.46,0.36,0.19,1.46,Riffle-pool
17.5,0.0058,14.2,1.4,0.59,19.1,Riffle-pool
12.91,0.009,5.05,1.07,0.39,2.6,Riffle-pool
56.39,0.0038,161.69,1.99,1.44,65.9,Riffle-pool
8.4,0.011834,3.34,1.04,0.39,17.3,Riffle-pool
65.38,0.0041,317.15,2.89,1.68,207.0,Riffle-pool
63.55,0.0041,246.36,2.6,1.49,6.87,Riffle-pool
241.0,0.00041,155.0,0.57,1.1,20.7,Riffle-pool
65.62,0.0041,345.47,2.99,1.76,52.7,Riffle-pool
7.0,0.0015,3.65,0.76,0.69,130.0,Riffle-pool
8.36,0.0134,3.78,0.95,0.35,12.8,Riffle-pool
7.0,0.0015,5.95,1.06,0.8,175.0,Riffle-pool
6.7,0.025,0.74,0.51,0.22,0.234,Riffle-pool
14.08,0.016,10.84,1.66,0.46,14.7,Riffle-pool
8.37,0.0125,1.53,0.75,0.27,1.5,Riffle-pool
12.45,0.014,2.98,0.76,0.29,0.0,Riffle-pool
204.22,0.00138,4559.01,3.58,6.22,148.0,Riffle-pool
64.98,0.0041,305.82,2.84,1.66,73.9,Riffle-pool
187.45,0.00103,2599.49,2.71,5.12,49.9,Riffle-pool
24.99,0.006,18.72,1.66,0.45,8.01,Plane Bed
85.8,0.0019,404.93,2.23,2.11,19.8,Plane Bed
9.75,0.0059,10.0,0.92,1.11,5.23,Plane Bed
8.84,0.0146,3.96,0.96,0.47,2.04,Plane Bed
5.43,0.0233,0.51,0.54,0.17,0.589,Plane Bed
6.49,0.0153,2.36,1.14,0.32,12.5,Plane Bed
5.7,0.031,2.3,1.27,0.32,4.4,Plane Bed
0.71,0.0718,0.08,0.51,0.23,0.768,Plane Bed
0.71,0.0718,0.08,0.51,0.23,1.44,Plane Bed
6.91,0.011,1.92,1.02,0.3,1.29,Plane Bed
34.75,0.0034,70.51,1.4,1.45,0.796,Plane Bed
0.71,0.0718,0.14,0.64,0.3,3.43,Plane Bed
5.25,0.021,2.41,1.0,0.47,1.7,Plane Bed
12.77,0.0091,27.5,2.11,1.02,105.0,Plane Bed
29.87,0.0025,5.24,0.29,0.61,0.062,Plane Bed
5.1,0.021,1.26,0.68,0.36,0.1,Plane Bed
12.76,0.0091,8.38,1.3,0.5,0.667,Plane Bed
9.14,0.0059,1.99,0.54,0.41,0.211,Plane Bed
9.14,0.0077,5.92,1.32,0.49,58.0,Plane Bed
143.26,0.0004,1812.28,2.53,5.06,42.4,Plane Bed
8.81,0.006,0.89,0.38,0.27,0.003,Plane Bed
8.2,0.0077,2.42,0.87,0.34,3.76,Plane Bed
6.1,0.0233,1.05,0.76,0.23,1.47,Plane Bed
71.63,0.0005,174.72,1.14,2.14,0.263,Plane Bed
13.41,0.0108,1.77,0.46,0.29,1.2,Plane Bed
14.02,0.0108,9.35,1.08,0.62,0.0087,Plane Bed
4.7,0.019,0.51,0.52,0.23,0.591,Plane Bed
10.97,0.0097,14.75,1.05,1.28,2.95,Plane Bed
70.1,0.0023,142.43,1.06,1.92,0.0413,Plane Bed
4.1,0.045,1.0,0.26,0.28,5.6,Plane Bed
8.69,0.0268,1.72,0.42,0.47,0.0959,Plane Bed
6.46,0.038,1.87,1.09,0.27,1.7,Plane Bed
12.76,0.0091,23.39,1.97,0.93,39.2,Plane Bed
6.81,0.012,1.54,0.78,0.27,0.184,Plane Bed
11.58,0.0059,4.84,0.72,0.58,1.82,Plane Bed
12.76,0.0091,18.92,1.81,0.82,17.6,Plane Bed
9.63,0.0146,1.53,0.69,0.23,0.195,Plane Bed
5.18,0.031,1.49,1.06,0.27,0.4,Plane Bed
18.4,0.004,6.2,0.62,0.55,0.78,Plane Bed
50.6,0.004,37.66,1.2,0.62,2.1,Plane Bed
7.71,0.0077,0.56,0.44,0.16,0.0152,Plane Bed
7.8,0.019,6.37,1.69,0.48,58.1,Plane Bed
6.8,0.019,2.9,1.19,0.35,8.65,Plane Bed
32.0,0.0025,48.42,0.98,1.55,4.16,Plane Bed
8.23,0.0059,0.6,0.36,0.2,0.0098,Plane Bed
0.71,0.0718,0.01,0.23,0.09,0.172,Plane Bed
9.6,0.0146,1.76,0.75,0.24,0.194,Plane Bed
8.23,0.03,3.14,1.05,0.36,6.62,Plane Bed
12.76,0.0091,10.22,1.41,0.57,1.14,Plane Bed
6.31,0.031,2.73,1.32,0.33,5.1,Plane Bed
4.7,0.019,0.57,0.52,0.24,0.15,Plane Bed
8.69,0.0059,2.59,0.59,0.51,0.302,Plane Bed
7.89,0.0077,1.17,0.63,0.24,0.202,Plane Bed
32.0,0.0025,26.36,0.7,1.18,0.119,Plane Bed
7.2,0.014,4.49,1.39,0.43,2.87,Plane Bed
12.19,0.0097,16.23,1.09,1.22,2.18,Plane Bed
0.7,0.0718,0.04,0.38,0.16,1.52,Plane Bed
10.67,0.0097,2.18,0.55,0.37,0.048,Plane Bed
138.07,0.00026,1056.22,1.71,4.51,19.3,Plane Bed
6.71,0.0268,0.77,0.27,0.43,0.0373,Plane Bed
7.81,0.013,4.88,1.4,0.43,11.4,Plane Bed
50.29,0.004,33.41,1.14,0.58,1.08,Plane Bed
6.34,0.031,3.69,1.52,0.38,14.6,Plane Bed
8.23,0.0146,3.79,0.94,0.49,3.96,Plane Bed
16.46,0.0108,18.07,1.51,0.73,9.0,Plane Bed
6.28,0.0202,0.47,0.34,0.22,0.118,Plane Bed
14.02,0.0108,4.36,0.73,0.43,1.99,Plane Bed
6.8,0.01,0.59,0.36,0.24,0.0099,Plane Bed
7.3,0.019,4.65,1.53,0.43,5.34,Plane Bed
8.23,0.0146,1.97,0.67,0.36,0.039,Plane Bed
5.25,0.021,2.06,0.86,0.41,0.5,Plane Bed
7.19,0.0202,2.01,0.73,0.38,3.07,Plane Bed
8.53,0.0146,3.34,0.88,0.45,14.7,Plane Bed
15.24,0.0108,7.33,0.95,0.51,0.0545,Plane Bed
11.28,0.0097,2.77,0.6,0.41,1.43,Plane Bed
8.23,0.0146,1.8,0.64,0.34,0.371,Plane Bed
1.97,0.054,0.29,0.85,0.16,6.58,Plane Bed
8.17,0.0146,1.47,0.58,0.31,0.385,Plane Bed
6.34,0.038,1.45,0.84,0.27,1.0,Plane Bed
5.25,0.021,2.32,0.9,0.43,1.2,Plane Bed
24.2,0.006,13.85,1.43,0.4,4.22,Plane Bed
14.02,0.0108,6.4,0.88,0.52,0.184,Plane Bed
14.05,0.01,7.56,1.89,0.29,22.4,Plane Bed
6.89,0.01,1.27,0.59,0.31,0.798,Plane Bed
2.06,0.055,0.42,1.08,0.2,7.47,Plane Bed
0.71,0.0718,0.13,0.62,0.29,11.3,Plane Bed
21.95,0.004,7.84,0.7,0.51,0.786,Plane Bed
9.14,0.0059,3.85,0.67,0.63,1.35,Plane Bed
12.8,0.0268,5.58,0.83,0.53,0.0759,Plane Bed
6.04,0.038,0.95,0.74,0.21,1.1,Plane Bed
10.36,0.0146,2.27,0.86,0.25,0.933,Plane Bed
18.29,0.004,11.89,0.96,0.67,0.012,Plane Bed
7.5,0.016,5.21,1.64,0.42,18.1,Plane Bed
6.9,0.02,3.96,1.35,0.39,11.0,Plane Bed
5.49,0.0233,0.89,0.7,0.23,1.18,Plane Bed
86.99,0.0019,464.4,2.35,2.27,29.7,Plane Bed
6.13,0.0153,1.99,1.05,0.31,3.02,Plane Bed
12.89,0.01,4.25,1.29,0.25,5.45,Plane Bed
10.82,0.03,3.79,1.13,0.31,1.22,Plane Bed
20.5,0.0163,8.21,1.2,0.33,0.785,Plane Bed
141.73,0.00033,1701.84,2.41,5.0,25.1,Plane Bed
5.18,0.031,1.6,1.11,0.28,0.6,Plane Bed
14.33,0.0066,19.68,1.54,0.89,32.1,Plane Bed
23.16,0.004,52.95,1.86,1.23,3.09,Plane Bed
10.52,0.0059,8.07,0.86,0.89,7.5,Plane Bed
32.0,0.0034,62.86,1.32,1.49,3.76,Plane Bed
5.43,0.031,1.93,1.1,0.32,1.3,Plane Bed
12.76,0.0091,10.36,1.42,0.57,1.3,Plane Bed
10.06,0.0268,1.73,0.42,0.41,0.0142,Plane Bed
41.5,0.004,17.7,1.06,0.4,10.3,Plane Bed
2.07,0.054,0.33,1.11,0.15,6.0,Plane Bed
40.84,0.004,21.69,1.18,0.45,4.9,Plane Bed
9.97,0.0059,5.86,0.77,0.76,4.65,Plane Bed
18.4,0.004,6.23,0.62,0.55,0.2,Plane Bed
32.92,0.0025,37.38,0.85,1.34,4.22,Plane Bed
0.7,0.0718,0.05,0.39,0.17,1.87,Plane Bed
7.3,0.018,5.07,1.45,0.47,12.7,Plane Bed
9.14,0.0146,8.33,1.41,0.65,7.35,Plane Bed
135.64,0.00023,877.82,1.49,4.33,8.19,Plane Bed
14.63,0.0108,4.53,0.74,0.42,1.69,Plane Bed
9.14,0.0059,2.83,0.6,0.51,0.543,Plane Bed
7.05,0.011,2.33,1.0,0.33,1.09,Plane Bed
2.26,0.024,0.24,0.53,0.2,0.677,Plane Bed
8.53,0.0146,3.94,0.96,0.48,3.61,Plane Bed
13.56,0.01,5.86,1.6,0.27,9.3,Plane Bed
7.89,0.0077,0.65,0.48,0.17,0.204,Plane Bed
30.48,0.0025,55.5,1.05,1.73,5.51,Plane Bed
140.21,0.00035,1506.46,2.21,4.85,22.6,Plane Bed
5.67,0.031,2.17,1.25,0.31,2.4,Plane Bed
8.08,0.0146,1.12,0.5,0.28,0.295,Plane Bed
6.8,0.01,0.81,0.44,0.27,0.078,Plane Bed
2.29,0.024,0.31,0.63,0.22,0.0452,Plane Bed
6.8,0.014,2.37,1.09,0.32,1.24,Plane Bed
11.58,0.0268,3.96,0.68,0.5,0.134,Plane Bed
129.54,0.00014,495.54,0.98,3.84,1.63,Plane Bed
34.75,0.0025,83.25,1.31,1.82,73.0,Plane Bed
71.63,0.0023,181.79,1.23,2.06,0.653,Plane Bed
6.8,0.013,3.14,1.24,0.39,5.12,Plane Bed
78.03,0.0005,252.87,1.41,2.3,0.82,Plane Bed
34.44,0.0025,65.41,1.15,1.65,56.8,Plane Bed
7.92,0.0268,0.53,0.21,0.31,0.0153,Plane Bed
9.98,0.0146,8.52,1.43,0.6,4.18,Plane Bed
12.8,0.0108,1.81,0.46,0.31,0.0161,Plane Bed
7.0,0.013,4.11,1.36,0.42,13.8,Plane Bed
14.02,0.0108,3.77,0.67,0.4,0.187,Plane Bed
12.8,0.0066,10.56,1.1,0.75,7.32,Plane Bed
15.85,0.0108,15.77,1.41,0.71,5.57,Plane Bed
30.18,0.0025,5.27,0.29,0.6,0.0077,Plane Bed
24.23,0.006,14.22,1.45,0.4,3.73,Plane Bed
0.71,0.0718,0.02,0.29,0.12,0.448,Plane Bed
88.09,0.0021,342.63,1.99,1.95,3.19,Plane Bed
12.19,0.0268,5.27,0.8,0.54,0.0302,Plane Bed
7.25,0.019,3.88,1.58,0.36,8.41,Plane Bed
5.1,0.019,2.41,1.1,0.42,2.73,Plane Bed
10.21,0.0059,6.12,0.78,0.76,2.21,Plane Bed
6.5,0.019,1.91,1.08,0.27,0.457,Plane Bed
15.54,0.0108,17.08,1.47,0.75,32.5,Plane Bed
8.33,0.03,0.79,0.61,0.16,1.09,Plane Bed
10.06,0.0059,5.64,0.76,0.74,2.82,Plane Bed
5.18,0.0153,0.5,0.52,0.19,0.235,Plane Bed
14.63,0.0108,8.33,1.01,0.56,0.0364,Plane Bed
13.59,0.01,5.66,1.56,0.27,6.85,Plane Bed
6.5,0.016,1.14,0.72,0.24,0.175,Plane Bed
7.1,0.016,3.53,1.28,0.4,5.64,Plane Bed
12.76,0.0091,28.32,2.13,1.04,107.0,Plane Bed
4.1,0.045,1.29,0.37,0.28,5.0,Plane Bed
7.77,0.0202,2.15,0.76,0.36,1.89,Plane Bed
85.95,0.0021,213.79,1.51,1.64,0.246,Plane Bed
36.58,0.0034,93.73,1.6,1.6,5.89,Plane Bed
4.1,0.045,0.78,0.27,0.27,2.9,Plane Bed
4.88,0.0153,0.45,0.48,0.19,0.349,Plane Bed
7.92,0.0146,2.76,0.8,0.44,0.992,Plane Bed
49.38,0.004,102.79,1.88,1.11,64.9,Plane Bed
6.16,0.0233,1.02,0.75,0.22,0.842,Plane Bed
10.52,0.0146,6.51,1.24,0.5,0.495,Plane Bed
5.18,0.0233,0.58,0.58,0.19,0.429,Plane Bed
23.2,0.004,10.62,0.81,0.56,9.38,Plane Bed
7.71,0.0077,0.85,0.54,0.2,0.0344,Plane Bed
13.81,0.01,7.14,1.82,0.28,21.0,Plane Bed
22.55,0.004,7.42,0.68,0.49,0.678,Plane Bed
10.7,0.0146,2.49,0.9,0.26,1.98,Plane Bed
23.16,0.004,26.45,1.37,0.83,0.434,Plane Bed
13.11,0.0066,16.88,1.42,0.91,39.4,Plane Bed
10.91,0.006,2.8,0.66,0.39,0.574,Plane Bed
0.71,0.0718,0.04,0.38,0.16,1.5,Plane Bed
6.46,0.03,3.17,1.05,0.47,0.749,Plane Bed
30.48,0.0025,15.18,0.52,0.96,0.486,Plane Bed
12.76,0.0091,12.54,1.53,0.64,2.05,Plane Bed
7.62,0.0146,0.85,0.43,0.26,0.125,Plane Bed
10.06,0.0146,2.32,0.87,0.27,1.52,Plane Bed
12.89,0.01,4.25,1.29,0.25,18.4,Plane Bed
3.9,0.045,0.75,0.31,0.28,2.7,Plane Bed
10.7,0.006,2.73,0.65,0.39,0.071,Plane Bed
10.36,0.0059,4.47,0.71,0.61,4.62,Plane Bed
7.77,0.0146,4.25,1.0,0.55,5.75,Plane Bed
6.55,0.019,1.29,0.87,0.23,0.464,Plane Bed
7.62,0.0146,1.22,0.52,0.31,0.0564,Plane Bed
5.06,0.0153,0.7,0.61,0.23,0.213,Plane Bed
12.19,0.0268,17.05,1.58,0.89,3.97,Plane Bed
15.24,0.0108,12.52,1.25,0.66,4.44,Plane Bed
91.32,0.0019,498.38,2.42,2.26,536.0,Plane Bed
6.4,0.038,1.97,1.11,0.28,6.2,Plane Bed
46.33,0.004,79.0,1.67,1.02,83.7,Plane Bed
6.83,0.0146,1.45,0.57,0.37,0.0285,Plane Bed
2.09,0.054,0.37,0.9,0.19,1.92,Plane Bed
70.1,0.0005,108.74,0.87,1.78,0.0561,Plane Bed
12.76,0.0091,22.63,1.95,0.91,18.9,Plane Bed
12.34,0.0066,7.48,0.91,0.66,0.716,Plane Bed
0.7,0.0718,0.05,0.39,0.17,1.71,Plane Bed
12.98,0.01,4.16,1.28,0.25,4.56,Plane Bed
4.82,0.031,0.57,0.58,0.2,0.0,Plane Bed
31.7,0.0034,51.54,1.2,1.36,0.453,Plane Bed
18.29,0.004,14.61,1.06,0.76,0.189,Plane Bed
5.3,0.0233,0.61,0.59,0.19,2.18,Plane Bed
7.96,0.013,6.33,1.68,0.49,28.7,Plane Bed
4.6,0.019,0.54,0.51,0.23,0.13,Plane Bed
72.54,0.0023,199.07,1.3,2.11,0.535,Plane Bed
74.68,0.0023,328.48,1.76,2.49,4.03,Plane Bed
6.4,0.019,1.73,0.93,0.25,0.117,Plane Bed
70.1,0.0023,138.75,1.04,1.9,0.809,Plane Bed
11.58,0.0268,3.88,0.67,0.5,2.14,Plane Bed
10.97,0.0059,7.82,0.85,0.84,7.45,Plane Bed
30.48,0.0034,42.19,1.09,1.28,0.0532,Plane Bed
77.72,0.0005,244.66,1.39,2.27,1.37,Plane Bed
6.3,0.019,1.31,0.83,0.25,0.744,Plane Bed
6.71,0.031,3.73,1.54,0.36,21.9,Plane Bed
6.71,0.03,3.26,1.06,0.46,1.53,Plane Bed
6.52,0.0153,2.27,1.12,0.31,2.7,Plane Bed
97.84,0.0021,1067.55,3.85,2.83,20.7,Plane Bed
12.76,0.0091,28.88,2.15,1.05,57.0,Plane Bed
86.87,0.0019,538.02,2.49,2.49,36.6,Plane Bed
17.4,0.006,7.59,1.07,0.41,4.29,Plane Bed
5.49,0.03,2.86,1.01,0.52,2.38,Plane Bed
3.26,0.024,0.7,1.05,0.2,3.8,Plane Bed
10.52,0.0268,2.1,0.47,0.42,0.0374,Plane Bed
24.08,0.006,11.92,1.33,0.37,1.39,Plane Bed
9.3,0.01,3.91,1.23,0.34,0.797,Plane Bed
6.71,0.0146,1.88,0.65,0.43,1.27,Plane Bed
17.98,0.004,25.29,1.28,1.1,8.17,Plane Bed
13.41,0.0108,2.86,0.58,0.36,0.382,Plane Bed
14.33,0.0066,13.65,1.26,0.75,33.5,Plane Bed
10.36,0.0146,9.63,1.52,0.61,5.22,Plane Bed
5.88,0.031,2.76,1.41,0.34,2.8,Plane Bed
12.77,0.0091,28.88,2.15,1.05,87.9,Plane Bed
77.72,0.0005,314.32,1.6,2.53,2.7,Plane Bed
12.19,0.0268,7.48,0.98,0.62,0.0646,Plane Bed
7.62,0.0146,0.56,0.35,0.21,0.114,Plane Bed
117.0,0.00035,67.1,0.5,1.2,14.4,Sand bed
94.0,0.00023,32.3,0.45,0.77,12.8,Sand bed
84.0,0.00018,163.0,1.0,1.9,44.6,Sand bed
94.0,0.00024,28.9,0.54,0.57,43.5,Sand bed
77.0,0.00029,26.1,0.45,0.75,27.4,Sand bed
72.0,0.00027,20.1,0.51,0.55,22.2,Sand bed
96.0,0.00018,24.2,0.44,0.58,13.3,Sand bed
122.0,0.00018,80.7,0.48,1.4,20.2,Sand bed
122.0,0.00011,92.9,0.5,1.5,13.1,Sand bed
4.6,0.0012,0.18,0.25,0.16,0.77,Sand bed
4.6,0.0012,0.23,0.28,0.18,0.696,Sand bed
4.6,0.0012,0.27,0.3,0.2,1.77,Sand bed
4.6,0.0012,0.39,0.39,0.22,3.41,Sand bed
4.6,0.0012,0.6,0.46,0.29,6.65,Sand bed
4.6,0.0012,0.74,0.52,0.31,8.87,Sand bed
4.7,0.0012,0.86,0.53,0.34,4.49,Sand bed
4.7,0.0012,0.48,0.43,0.23,16.2,Sand bed
4.7,0.0012,0.47,0.45,0.23,37.0,Sand bed
4.7,0.0012,0.7,0.54,0.28,41.3,Sand bed
4.7,0.0012,0.62,0.5,0.27,76.8,Sand bed
4.7,0.0012,0.82,0.56,0.31,61.3,Sand bed
4.6,0.0012,0.94,0.52,0.4,53.3,Sand bed
4.7,0.0012,1.51,0.76,0.42,82.3,Sand bed
4.0,0.0012,1.3,0.66,0.5,145.0,Sand bed
4.6,0.0012,1.18,0.66,0.39,51.7,Sand bed
4.6,0.0012,0.89,0.5,0.39,37.0,Sand bed
4.6,0.0012,0.98,0.53,0.4,56.3,Sand bed
4.6,0.0012,0.42,0.44,0.21,40.0,Sand bed
4.6,0.0012,1.41,0.64,0.48,126.0,Sand bed
4.7,0.0012,1.51,0.63,0.52,127.0,Sand bed
283.0,0.00022,149.0,0.6,0.88,51.6,Sand bed
218.0,0.00031,210.0,0.63,1.2,12.8,Sand bed
218.0,0.00041,118.0,0.52,0.82,8.07,Sand bed
292.0,0.00031,193.0,0.64,1.0,13.7,Sand bed
278.0,0.00031,114.0,0.58,0.71,18.6,Sand bed
279.0,0.00028,86.9,0.47,0.85,3.76,Sand bed
306.0,0.00028,183.0,0.73,0.82,35.3,Sand bed
302.0,0.00031,289.0,0.71,1.3,57.3,Sand bed
302.0,0.0003,379.0,0.76,1.1,77.2,Sand bed
309.0,0.00031,456.0,0.75,2.0,18.1,Sand bed
299.0,0.00033,195.0,0.53,1.2,18.5,Sand bed
306.0,0.00035,368.0,0.75,1.6,42.2,Sand bed
310.0,0.00037,714.0,0.88,2.6,47.4,Sand bed
292.0,0.00029,145.0,0.49,1.0,19.1,Sand bed
292.0,0.00028,210.0,0.64,1.2,16.3,Sand bed
292.0,0.00025,196.0,0.62,1.1,22.8,Sand bed
292.0,0.00052,1240.0,1.2,3.4,168.0,Sand bed
292.0,0.00025,413.0,0.78,2.0,34.2,Sand bed
292.0,0.00033,178.0,0.6,1.3,13.8,Sand bed
292.0,0.00036,229.0,0.65,1.4,18.7,Sand bed
93.0,0.0005,215.0,1.2,1.9,154.0,Sand bed
93.0,0.0005,266.0,1.2,2.4,172.0,Sand bed
93.0,0.0005,250.0,1.1,2.4,218.0,Sand bed
94.0,0.0005,275.0,1.2,2.5,92.3,Sand bed
94.0,0.0005,309.0,1.2,2.7,105.0,Sand bed
93.0,0.0005,266.0,1.1,2.5,172.0,Sand bed
93.0,0.0005,283.0,1.3,2.4,210.0,Sand bed
93.0,0.0005,272.0,1.3,2.3,535.0,Sand bed
91.0,0.0005,177.0,1.3,1.4,254.0,Sand bed
91.0,0.0005,177.0,1.3,1.4,202.0,Sand bed
89.0,0.0005,66.6,0.83,0.91,106.0,Sand bed
69.0,0.00012,26.3,0.59,0.65,8.07,Sand bed
69.0,0.0005,24.3,0.56,0.63,11.0,Sand bed
88.0,0.0005,34.3,0.57,0.68,74.1,Sand bed
89.0,0.0005,103.0,0.77,1.5,41.3,Sand bed
90.0,0.00047,108.0,0.81,1.5,40.0,Sand bed
91.0,0.00071,185.0,1.1,1.8,134.0,Sand bed
91.0,0.0005,172.0,1.1,1.7,195.0,Sand bed
93.0,0.00085,337.0,1.2,2.9,143.0,Sand bed
92.0,0.0006,244.0,1.1,2.4,122.0,Sand bed
92.0,0.00087,430.0,1.3,3.6,113.0,Sand bed
92.0,0.00078,447.0,1.3,3.9,106.0,Sand bed
92.0,0.0005,498.0,1.3,4.1,113.0,Sand bed
92.0,0.00067,408.0,1.3,3.4,91.8,Sand bed
91.0,0.00073,425.0,1.3,3.5,61.9,Sand bed
91.0,0.00065,447.0,1.3,3.7,145.0,Sand bed
91.0,0.0005,445.0,1.2,3.9,73.2,Sand bed
92.0,0.0004,203.0,1.0,2.1,101.0,Sand bed
91.0,0.0005,157.0,0.9,1.9,87.8,Sand bed
6.5,0.013,0.49,0.46,0.16,0.0692,Step-pool
3.51,0.0414,0.21,0.28,0.21,0.0085,Step-pool
2.95,0.057,0.67,0.87,0.27,3.04,Step-pool
5.3,0.053,2.39,1.28,0.35,0.506,Step-pool
2.93,0.059,0.2,0.37,0.2,0.0,Step-pool
5.55,0.0414,1.16,0.71,0.29,0.722,Step-pool
4.27,0.0414,0.35,0.37,0.22,0.0193,Step-pool
4.9,0.039,1.25,0.94,0.27,2.76,Step-pool
3.96,0.0414,0.15,0.24,0.16,0.0114,Step-pool
2.74,0.0509,0.34,0.39,0.32,0.345,Step-pool
5.64,0.0414,1.5,0.82,0.33,0.402,Step-pool
2.24,0.05,0.08,0.62,0.06,96.1,Step-pool
2.01,0.05,0.05,0.34,0.07,0.394,Step-pool
14.02,0.0207,15.12,1.34,0.8,1.06,Step-pool
6.92,0.018,4.87,1.36,0.5,10.5,Step-pool
8.84,0.032,2.04,0.73,0.32,0.647,Step-pool
4.88,0.0414,0.88,0.61,0.29,2.31,Step-pool
5.35,0.048,1.2,0.9,0.25,0.135,Step-pool
16.9,0.0105,15.28,1.23,0.67,1.6,Step-pool
2.9,0.059,0.25,0.51,0.17,0.0,Step-pool
8.99,0.032,2.24,0.77,0.32,0.238,Step-pool
13.41,0.0207,17.87,1.46,0.91,0.305,Step-pool
2.74,0.0509,0.54,0.44,0.45,2.12,Step-pool
5.3,0.049,2.85,1.57,0.34,14.2,Step-pool
2.97,0.057,0.74,0.65,0.32,0.131,Step-pool
2.94,0.0573,1.1,1.17,0.33,21.2,Step-pool
3.26,0.0509,0.68,0.47,0.45,3.58,Step-pool
2.94,0.057,0.72,0.73,0.33,0.714,Step-pool
5.25,0.049,2.91,1.47,0.38,1.67,Step-pool
8.84,0.032,1.42,0.58,0.28,0.254,Step-pool
5.3,0.054,1.06,0.92,0.22,1.25,Step-pool
5.25,0.054,1.92,1.18,0.31,0.139,Step-pool
2.0,0.03,0.19,0.79,0.12,355.0,Step-pool
3.47,0.05,0.17,0.39,0.13,139.0,Step-pool
5.35,0.052,1.62,1.05,0.29,0.679,Step-pool
5.64,0.0414,1.5,0.82,0.33,0.829,Step-pool
2.32,0.05,0.1,0.63,0.07,306.0,Step-pool
0.6,0.03,0.05,0.72,0.11,56.2,Step-pool
6.6,0.023,1.48,0.76,0.3,0.339,Step-pool
3.03,0.055,1.06,0.92,0.38,4.24,Step-pool
2.22,0.05,0.08,0.49,0.07,4.1,Step-pool
2.99,0.056,0.79,0.79,0.35,0.154,Step-pool
2.95,0.058,0.41,0.61,0.25,0.651,Step-pool
5.3,0.05,1.61,1.03,0.3,2.56,Step-pool
2.93,0.0523,0.88,1.0,0.29,7.71,Step-pool
8.84,0.032,1.84,0.68,0.3,6.84,Step-pool
5.3,0.048,1.13,0.81,0.26,0.0321,Step-pool
14.42,0.0044,6.95,0.85,0.56,0.1,Step-pool
5.4,0.049,1.4,0.91,0.29,3.33,Step-pool
9.51,0.032,3.2,0.97,0.35,4.7,Step-pool
6.6,0.024,1.53,0.76,0.31,1.8,Step-pool
2.25,0.05,0.1,0.55,0.08,86.3,Step-pool
1.8,0.03,0.19,0.9,0.12,411.0,Step-pool
7.15,0.021,1.72,0.96,0.25,0.938,Step-pool
2.2,0.03,0.2,0.91,0.1,408.0,Step-pool
5.41,0.05,3.3,1.47,0.43,5.55,Step-pool
10.52,0.0207,2.27,0.52,0.42,0.711,Step-pool
5.55,0.0414,1.6,0.84,0.34,11.5,Step-pool
14.1,0.0018,6.57,0.87,0.55,0.0,Step-pool
2.96,0.056,0.81,0.76,0.35,9.38,Step-pool
1.8,0.03,0.15,0.71,0.12,214.0,Step-pool
9.14,0.0207,3.12,0.61,0.56,0.0133,Step-pool
4.27,0.0414,0.08,0.17,0.11,0.307,Step-pool
8.23,0.032,0.93,0.45,0.25,0.497,Step-pool
4.27,0.0414,1.29,0.75,0.4,6.62,Step-pool
14.5,0.0091,9.5,1.0,0.61,0.2,Step-pool
4.21,0.0414,0.13,0.22,0.14,0.006,Step-pool
2.2,0.03,0.2,0.81,0.11,366.0,Step-pool
5.49,0.0414,0.65,0.52,0.23,0.131,Step-pool
5.49,0.0414,1.13,0.7,0.29,0.142,Step-pool
5.3,0.045,0.9,0.67,0.25,0.206,Step-pool
2.81,0.0509,0.37,0.4,0.33,0.994,Step-pool
5.49,0.0414,0.75,0.56,0.24,1.81,Step-pool
5.49,0.0414,1.32,0.76,0.32,0.191,Step-pool
4.27,0.0414,0.26,0.32,0.19,0.0684,Step-pool
9.75,0.032,2.24,0.77,0.3,5.15,Step-pool
5.31,0.054,2.76,1.22,0.37,7.29,Step-pool
2.0,0.03,0.25,0.99,0.13,634.0,Step-pool
5.94,0.032,1.19,0.52,0.38,3.82,Step-pool
2.9,0.0509,0.24,0.36,0.23,0.356,Step-pool
6.75,0.019,5.15,1.5,0.51,37.6,Step-pool
2.94,0.057,0.7,0.84,0.29,1.89,Step-pool
4.27,0.0414,0.05,0.13,0.09,0.0014,Step-pool
5.49,0.0414,0.62,0.51,0.22,3.67,Step-pool
5.27,0.0414,0.34,0.37,0.17,0.342,Step-pool
2.44,0.05,0.41,0.76,0.22,285.0,Step-pool
4.27,0.0414,0.06,0.14,0.1,0.0418,Step-pool
14.02,0.0207,16.11,1.39,0.83,0.883,Step-pool
6.93,0.022,6.01,1.64,0.55,20.7,Step-pool
2.93,0.058,0.47,0.63,0.23,0.0,Step-pool
5.31,0.05,0.72,1.06,0.13,5330.0,Step-pool
9.08,0.032,3.23,0.97,0.37,2.4,Step-pool
5.33,0.055,2.04,1.11,0.35,1.66,Step-pool
5.35,0.055,2.91,1.44,0.38,2.46,Step-pool
2.94,0.056,0.92,1.09,0.28,0.952,Step-pool
13.41,0.0207,14.3,1.31,0.82,0.104,Step-pool
2.57,0.05,0.16,0.61,0.1,0.203,Step-pool
4.45,0.0414,0.12,0.21,0.13,0.0104,Step-pool
4.57,0.0414,0.54,0.47,0.25,2.79,Step-pool
1.8,0.03,0.17,0.94,0.1,511.0,Step-pool
6.55,0.021,0.64,0.55,0.18,0.0336,Step-pool
9.14,0.032,1.39,0.57,0.26,0.0458,Step-pool
6.4,0.021,0.55,0.55,0.16,0.0344,Step-pool
4.57,0.0414,0.19,0.27,0.16,0.443,Step-pool
9.45,0.032,2.58,0.84,0.32,4.2,Step-pool
2.88,0.05,0.12,0.36,0.12,1.21,Step-pool
2.99,0.0509,0.31,0.38,0.27,0.438,Step-pool
2.63,0.05,0.22,0.62,0.13,60.9,Step-pool
4.48,0.0414,0.34,0.37,0.21,0.194,Step-pool
2.31,0.05,0.09,0.49,0.08,46.2,Step-pool
5.3,0.056,1.37,1.04,0.25,0.111,Step-pool
6.6,0.021,0.39,0.38,0.16,0.0561,Step-pool
2.74,0.0509,0.4,0.41,0.36,3.02,Step-pool
5.32,0.053,2.08,0.97,0.32,2.22,Step-pool
2.77,0.0509,0.22,0.35,0.23,0.0943,Step-pool
5.25,0.053,1.26,0.88,0.27,2.46,Step-pool
3.08,0.0509,0.37,0.4,0.3,1.11,Step-pool
4.34,0.0414,0.27,0.32,0.19,0.028,Step-pool
2.95,0.056,0.88,1.08,0.25,0.641,Step-pool
3.05,0.0509,0.21,0.34,0.2,0.259,Step-pool
2.07,0.05,0.06,0.43,0.06,0.394,Step-pool
6.91,0.021,5.3,1.57,0.51,2.92,Step-pool
8.84,0.032,4.28,1.16,0.42,0.555,Step-pool
9.14,0.032,3.57,1.03,0.38,1.38,Step-pool
6.75,0.024,5.13,1.45,0.52,56.5,Step-pool
2.2,0.03,0.19,0.89,0.1,424.0,Step-pool
2.65,0.05,0.23,0.74,0.12,200.0,Step-pool
3.66,0.0414,0.32,0.36,0.25,0.16,Step-pool
6.7,0.021,5.25,1.57,0.5,28.5,Step-pool
4.88,0.0414,1.39,0.78,0.36,0.408,Step-pool
3.0,0.056,0.94,0.95,0.36,7.51,Step-pool
6.9,0.02,5.92,1.59,0.55,10.9,Step-pool
5.3,0.051,1.38,0.99,0.26,0.0642,Step-pool
2.92,0.059,0.23,0.37,0.2,0.346,Step-pool
2.96,0.056,0.98,1.19,0.28,10.1,Step-pool
6.65,0.016,1.63,0.82,0.3,0.392,Step-pool
5.49,0.0414,0.58,0.49,0.22,0.0331,Step-pool
7.15,0.021,2.25,1.02,0.31,1.16,Step-pool
6.5,0.016,0.64,0.46,0.22,0.638,Step-pool
2.94,0.0562,0.88,1.16,0.28,15.7,Step-pool
10.36,0.0207,3.88,0.68,0.55,0.0256,Step-pool
6.92,0.02,6.52,1.55,0.6,28.0,Step-pool
2.59,0.05,0.17,0.45,0.15,19.3,Step-pool
2.94,0.0549,1.2,1.12,0.37,10.1,Step-pool
4.57,0.0414,0.19,0.27,0.16,0.765,Step-pool
5.25,0.045,1.38,0.88,0.3,0.754,Step-pool
12.55,0.0021,2.3,0.42,0.42,0.0,Step-pool
5.3,0.055,3.09,1.59,0.37,17.0,Step-pool
5.37,0.05,3.3,1.59,0.41,11.2,Step-pool
3.14,0.0509,0.43,0.41,0.33,0.774,Step-pool
3.02,0.055,1.08,1.03,0.38,4.16,Step-pool
1.8,0.0856,0.12,0.48,0.14,0.197,Step-pool
4.27,0.0414,0.19,0.27,0.16,0.0863,Step-pool
5.49,0.0414,0.84,0.6,0.26,0.681,Step-pool
5.49,0.0414,0.7,0.54,0.23,0.314,Step-pool
4.4,0.039,0.62,0.64,0.22,1.89,Step-pool
2.92,0.056,0.95,1.09,0.28,2.29,Step-pool
2.68,0.0509,0.13,0.31,0.16,0.0243,Step-pool
2.71,0.0509,0.22,0.35,0.23,0.322,Step-pool
8.53,0.032,2.07,0.74,0.33,0.11,Step-pool
4.88,0.0414,0.45,0.43,0.21,0.0299,Step-pool
2.09,0.05,0.04,0.32,0.06,0.634,Step-pool
14.02,0.0207,21.24,1.59,0.95,0.875,Step-pool
4.5,0.039,1.13,0.98,0.26,5.93,Step-pool
3.17,0.0509,0.4,0.41,0.31,1.55,Step-pool
5.49,0.0414,0.72,0.55,0.24,1.65,Step-pool
15.5,0.0119,11.82,1.21,0.65,1.0,Step-pool
2.95,0.0558,0.96,1.16,0.29,3.79,Step-pool
2.61,0.05,0.2,0.51,0.15,34.7,Step-pool
4.88,0.0414,0.35,0.38,0.19,0.214,Step-pool
8.66,0.032,1.9,0.7,0.31,0.713,Step-pool
5.36,0.0414,0.99,0.65,0.28,1.8,Step-pool
5.3,0.045,0.67,0.62,0.2,0.419,Step-pool
5.3,0.045,0.69,0.62,0.21,0.209,Step-pool
2.93,0.057,0.66,0.83,0.3,1.61,Step-pool
2.47,0.0509,0.07,0.26,0.11,0.152,Step-pool
3.05,0.0509,0.27,0.37,0.24,0.387,Step-pool
2.97,0.057,0.76,0.77,0.31,0.313,Step-pool
14.02,0.0207,17.73,1.46,0.87,1.25,Step-pool
2.93,0.0576,0.83,1.05,0.27,1.73,Step-pool
6.7,0.023,3.77,1.28,0.44,7.23,Step-pool
3.05,0.0509,0.54,0.44,0.4,4.03,Step-pool
1.9,0.0856,0.35,0.77,0.24,2.0,Step-pool
4.27,0.0414,0.19,0.27,0.16,0.029,Step-pool
4.4,0.039,0.73,0.76,0.22,1.79,Step-pool
6.79,0.021,5.39,1.55,0.52,24.2,Step-pool
2.9,0.059,0.24,0.36,0.22,0.0207,Step-pool
5.64,0.0414,2.54,1.08,0.42,12.5,Step-pool
8.06,0.032,0.43,0.27,0.19,0.0365,Step-pool
2.92,0.058,0.49,0.61,0.28,1.74,Step-pool
3.05,0.0509,0.31,0.38,0.27,3.49,Step-pool
4.5,0.039,0.93,0.79,0.26,2.8,Step-pool
6.89,0.02,5.65,1.58,0.51,10.5,Step-pool
5.3,0.045,0.83,0.71,0.22,0.519,Step-pool
2.83,0.0509,0.45,0.42,0.38,3.75,Step-pool
4.34,0.0414,0.27,0.32,0.19,0.0254,Step-pool
10.52,0.0207,2.27,0.52,0.42,0.855,Step-pool
9.72,0.032,3.2,0.97,0.34,4.43,Step-pool
5.25,0.045,1.25,0.8,0.3,0.71,Step-pool
5.61,0.0414,1.66,0.86,0.34,23.5,Step-pool
4.72,0.0414,0.12,0.21,0.12,0.311,Step-pool
5.25,0.06,2.28,1.31,0.33,3.44,Step-pool
3.35,0.0509,0.51,0.43,0.35,1.93,Step-pool
14.9,0.0131,10.44,1.08,0.62,0.2,Step-pool
9.14,0.032,3.03,0.93,0.35,0.929,Step-pool
9.27,0.032,2.66,0.86,0.33,0.326,Step-pool
2.96,0.05,0.17,0.68,0.08,179.0,Step-pool
5.32,0.052,2.21,1.02,0.37,0.31,Step-pool
2.69,0.05,0.42,0.82,0.19,305.0,Step-pool
12.8,0.0012,2.39,0.45,0.43,0.0,Step-pool
3.01,0.055,1.04,0.95,0.4,10.4,Step-pool
5.52,0.0414,0.95,0.64,0.27,0.0592,Step-pool
5.79,0.0414,2.92,1.16,0.43,0.28,Step-pool
5.49,0.0414,0.5,0.45,0.2,0.456,Step-pool
8.99,0.032,3.12,0.95,0.36,2.73,Step-pool
1.37,0.0509,0.27,0.37,0.53,0.333,Step-pool
5.34,0.054,2.31,1.15,0.35,0.712,Step-pool
2.95,0.057,0.75,0.76,0.33,3.54,Step-pool
5.64,0.0414,1.57,0.83,0.33,1.88,Step-pool
5.36,0.05,2.17,1.24,0.35,1.16,Step-pool
2.92,0.058,0.33,0.51,0.2,0.0,Step-pool
2.25,0.05,0.1,0.55,0.08,25.0,Step-pool
2.84,0.059,0.09,0.26,0.12,0.0,Step-pool
5.37,0.05,1.95,1.18,0.36,0.419,Step-pool
14.63,0.0207,19.6,1.53,0.87,0.823,Step-pool
5.25,0.048,0.8,0.72,0.21,0.301,Step-pool
4.27,0.0414,0.35,0.37,0.22,0.0201,Step-pool
6.6,0.015,1.07,0.64,0.26,0.0576,Step-pool
5.64,0.0414,1.5,0.82,0.33,1.95,Step-pool
1.6,0.03,0.16,0.93,0.11,355.0,Step-pool
13.1,0.0032,3.26,0.55,0.45,0.0,Step-pool
13.41,0.0207,19.77,1.54,0.96,1.09,Step-pool
4.4,0.05,0.2,0.44,0.11,11.1,Step-pool
2.0,0.03,0.21,0.89,0.12,194.0,Step-pool
2.49,0.05,0.32,0.6,0.21,27.9,Step-pool
2.95,0.058,0.47,0.61,0.27,1.94,Step-pool
2.34,0.05,0.09,0.46,0.08,10.7,Step-pool
5.2,0.05,0.28,0.48,0.13,211.0,Step-pool
7.86,0.032,0.45,0.29,0.2,0.0106,Step-pool
9.05,0.032,1.73,0.66,0.29,0.428,Step-pool
2.91,0.058,0.35,0.54,0.21,0.237,Step-pool
2.74,0.0509,0.37,0.4,0.34,0.992,Step-pool
4.3,0.0414,0.63,0.51,0.29,4.42,Step-pool
5.35,0.055,1.62,1.03,0.3,2.81,Step-pool
5.58,0.0414,1.69,0.87,0.35,31.3,Step-pool
2.99,0.0584,0.62,0.89,0.24,3.62,Step-pool
5.0,0.039,1.46,1.1,0.28,1.4,Step-pool
399.0,0.00051,1540.0,1.6,2.4,75.2,Braiding
8.9,0.025,4.13,1.25,0.36,21.7,Braiding
302.0,0.0005,1160.0,1.6,2.4,128.0,Braiding
104.0,0.00096,450.0,2.1,2.0,187.0,Braiding
16.9,0.008,11.87,1.51,0.48,91.4,Braiding
105.0,0.001,668.0,2.3,2.8,359.0,Braiding
113.0,0.0012,660.0,2.2,2.7,482.0,Braiding
108.0,0.0012,564.0,2.0,2.6,548.0,Braiding
97.5,0.00096,82.1,0.98,0.85,5.17,Braiding
360.0,0.0005,1320.0,1.3,2.8,248.0,Braiding
103.0,0.0012,504.0,2.0,2.4,840.0,Braiding
5.1,0.025,0.89,0.74,0.23,4.13,Braiding
16.65,0.008,10.97,1.52,0.46,75.2,Braiding
183.0,0.0014,680.0,2.1,1.8,38.3,Braiding
5.6,0.025,0.65,0.55,0.21,0.458,Braiding
97.5,0.00096,64.6,0.91,0.73,3.45,Braiding
6.1,0.025,1.89,0.9,0.33,16.2,Braiding
16.1,0.008,7.43,1.17,0.4,3.2,Braiding
6.0,0.025,1.33,0.72,0.3,8.81,Braiding
16.35,0.008,8.66,1.35,0.39,25.0,Braiding
4.6,0.025,1.1,1.0,0.24,2.91,Braiding
6.8,0.025,1.32,0.63,0.3,5.03,Braiding
6.5,0.025,1.9,0.92,0.31,10.9,Braiding
277.0,0.00049,966.0,1.7,2.1,78.0,Braiding
301.0,0.0005,688.0,1.2,1.9,34.6,Braiding
17.0,0.008,12.27,1.58,0.48,81.9,Braiding
108.0,0.001,388.0,1.8,2.0,468.0,Braiding
4.5,0.025,0.95,0.88,0.23,2.44,Braiding
308.0,0.0024,2800.0,2.1,4.4,298.0,Braiding
206.0,0.0015,1110.0,2.0,2.7,75.2,Braiding
15.1,0.008,3.72,0.83,0.32,0.4,Braiding
291.0,0.0017,1790.0,2.6,3.1,45.4,Braiding
118.0,0.0013,549.0,2.2,1.4,67.5,Braiding
4.3,0.025,0.98,0.89,0.25,0.851,Braiding
102.0,0.00096,276.0,1.7,1.6,126.0,Braiding
15.1,0.008,3.32,0.76,0.27,0.5,Braiding
378.0,0.0005,1720.0,1.8,2.5,216.0,Braiding
378.0,0.00051,1450.0,1.7,2.2,69.3,Braiding
6.0,0.025,1.13,0.77,0.24,3.36,Braiding
6.2,0.025,2.44,1.03,0.37,26.2,Braiding
7.6,0.025,2.13,0.99,0.28,12.5,Braiding
8.5,0.025,5.5,1.61,0.39,36.2,Braiding
317.0,0.00049,983.0,1.5,2.0,27.4,Braiding
8.9,0.025,5.25,1.38,0.42,24.4,Braiding
181.0,0.0017,697.0,1.7,2.3,79.0,Braiding
16.25,0.008,8.77,1.31,0.42,22.8,Braiding
287.0,0.0017,1930.0,2.3,3.0,107.0,Braiding
284.0,0.0005,864.0,1.8,1.7,171.0,Braiding
11.7,0.025,3.09,0.86,0.31,0.391,Braiding
275.0,0.0018,1680.0,2.2,2.8,111.0,Braiding
6.6,0.025,3.07,1.19,0.38,20.1,Braiding
16.9,0.008,12.94,1.5,0.49,122.0,Braiding
188.0,0.0016,872.0,2.1,2.2,33.5,Braiding
6.15,0.025,1.07,0.69,0.25,5.99,Braiding
190.0,0.0012,833.0,2.3,1.9,30.9,Braiding
17.0,0.008,12.4,1.53,0.47,180.0,Braiding
105.0,0.001,456.0,2.0,2.2,659.0,Braiding
16.8,0.008,12.4,1.48,0.46,85.7,Braiding
8.0,0.025,1.77,0.8,0.27,5.77,Braiding
7.6,0.025,3.35,1.17,0.36,28.8,Braiding
7.2,0.025,1.24,0.72,0.24,2.31,Braiding
4.5,0.025,0.75,0.49,0.33,0.0,Braiding
177.0,0.0017,660.0,1.6,2.3,706.0,Braiding
5.8,0.025,0.53,0.38,0.24,0.655,Braiding
6.1,0.025,0.72,0.6,0.19,1.44,Braiding
16.45,0.008,11.09,1.44,0.46,48.1,Braiding
16.75,0.008,11.09,1.41,0.45,165.0,Braiding
6.2,0.025,1.54,0.86,0.28,3.88,Braiding
16.25,0.008,7.75,1.21,0.4,4.9,Braiding
16.45,0.008,9.01,1.32,0.43,22.4,Braiding
5.1,0.025,0.6,0.63,0.18,1.43,Braiding
5.4,0.025,0.73,0.51,0.26,0.75,Braiding
294.0,0.0005,920.0,1.5,2.0,47.6,Braiding
466.0,0.00053,1880.0,1.6,2.5,106.0,Braiding
170.0,0.0014,504.0,2.0,1.5,6.53,Braiding
116.0,0.00045,521.0,1.6,2.8,34.8,Braiding
16.8,0.008,12.54,1.46,0.49,128.0,Braiding
5.0,0.025,0.53,0.43,0.24,0.361,Braiding
10.8,0.025,0.7,0.36,0.18,0.0,Braiding
16.75,0.008,11.48,1.45,0.46,43.3,Braiding
16.9,0.008,12.67,1.51,0.48,250.0,Braiding
5.0,0.025,0.96,0.59,0.31,3.11,Braiding
10.3,0.025,0.77,0.36,0.2,0.0,Braiding
360.0,0.0005,1270.0,1.6,2.3,45.3,Braiding
247.0,0.0005,368.0,1.0,1.4,2.46,Braiding
5.3,0.025,0.75,0.5,0.28,0.912,Braiding
15.1,0.008,3.63,0.8,0.31,0.1,Braiding
6.3,0.025,2.2,0.94,0.36,13.9,Braiding
16.65,0.008,10.59,1.46,0.44,39.5,Braiding
6.0,0.025,2.39,1.04,0.37,20.6,Braiding
7.0,0.025,1.91,0.88,0.31,5.17,Braiding
6.3,0.025,1.63,0.89,0.28,3.27,Braiding
103.0,0.00057,317.0,1.6,1.9,213.0,Braiding
112.0,0.0012,654.0,2.1,2.7,1290.0,Braiding
8.4,0.025,3.41,1.14,0.35,15.3,Braiding
4.6,0.025,0.65,0.42,0.32,0.222,Braiding
275.0,0.0017,1630.0,2.1,2.8,74.2,Braiding
184.0,0.0015,705.0,2.1,1.8,20.5,Braiding
290.0,0.0017,2170.0,2.2,3.4,51.7,Braiding
454.0,0.00053,1950.0,1.7,2.5,85.5,Braiding
5.0,0.025,1.03,0.62,0.32,9.97,Braiding
10.5,0.025,0.59,0.32,0.18,0.0,Braiding
6.9,0.025,3.5,1.23,0.4,17.3,Braiding
274.0,0.0014,1320.0,1.8,2.7,231.0,Braiding
16.45,0.008,8.2,1.28,0.39,9.5,Braiding
171.0,0.0012,405.0,1.8,1.3,4.12,Braiding
119.0,0.0012,838.0,2.5,2.8,226.0,Braiding
183.0,0.0012,547.0,1.8,1.7,17.1,Braiding
6.6,0.025,1.2,0.63,0.28,1.44,Braiding
11.3,0.025,2.57,0.68,0.33,0.413,Braiding
105.0,0.00096,238.0,1.6,1.5,51.6,Braiding
188.0,0.0013,612.0,1.8,1.8,24.0,Braiding
308.0,0.0018,2230.0,2.0,3.7,85.7,Braiding
102.0,0.00096,283.0,2.0,1.4,55.0,Braiding
16.6,0.008,10.4,1.43,0.47,20.5,Braiding
184.0,0.0014,632.0,2.0,1.7,13.6,Braiding
110.0,0.001,615.0,2.2,2.5,927.0,Braiding
105.0,0.00096,323.0,1.9,1.6,57.4,Braiding
104.0,0.00096,267.0,1.7,7.4,105.0,Braiding
6.3,0.025,2.03,0.98,0.32,9.59,Braiding
6.1,0.025,1.88,1.12,0.27,9.99,Braiding
6.4,0.025,2.69,1.08,0.38,22.2,Braiding
357.0,0.0005,1530.0,1.7,2.6,68.1,Braiding
7.9,0.025,3.43,1.28,0.34,29.4,Braiding
264.0,0.00047,750.0,1.6,1.8,38.6,Braiding
436.0,0.00053,1460.0,1.7,2.0,75.9,Braiding
12.6,0.025,5.39,1.39,0.31,0.0,Braiding
123.0,0.0014,946.0,2.5,3.1,589.0,Braiding
6.0,0.025,2.4,0.99,0.39,18.3,Braiding
170.0,0.0012,430.0,1.7,1.5,14.9,Braiding
115.0,0.0014,666.0,2.3,2.5,683.0,Braiding
16.75,0.008,11.81,1.46,0.46,132.0,Braiding
16.15,0.008,7.81,1.13,0.4,6.5,Braiding
16.8,0.008,11.48,1.43,0.49,45.2,Braiding
99.7,0.00096,166.0,1.4,1.2,88.1,Braiding
372.0,0.00041,1460.0,1.7,2.3,124.0,Braiding
6.1,0.025,1.74,0.87,0.31,7.1,Braiding
408.0,0.00051,1490.0,1.7,2.1,85.8,Braiding
183.0,0.0015,776.0,2.1,2.0,44.5,Braiding
7.0,0.025,1.15,0.63,0.26,5.47,Braiding
5.9,0.025,0.79,0.62,0.21,0.222,Braiding
16.6,0.008,10.52,1.46,0.45,24.4,Braiding
17.1,0.008,12.27,1.58,0.46,262.0,Braiding
286.0,0.0015,1680.0,2.0,2.9,140.0,Braiding
4.9,0.025,2.5,1.47,0.33,22.3,Braiding
6.3,0.025,1.88,0.89,0.32,18.1,Braiding
6.3,0.025,1.76,0.98,0.28,10.9,Braiding
6.3,0.025,1.9,0.88,0.33,10.7,Braiding
6.6,0.025,7.75,2.19,0.5,3.13,Braiding
309.0,0.001,507.0,1.9,2.4,257.0,Braiding
288.0,0.0017,1910.0,2.0,3.2,94.4,Braiding
9.7,0.025,0.43,0.28,0.16,0.0,Braiding
10.6,0.025,0.67,0.34,0.19,0.0,Braiding
6.5,0.025,3.73,1.3,0.42,95.6,Braiding
10.5,0.025,1.71,0.8,0.2,0.0,Braiding
6.3,0.025,1.45,0.7,0.32,4.85,Braiding
17.0,0.008,12.81,1.58,0.49,139.0,Braiding
5.5,0.025,0.78,0.69,0.2,0.652,Braiding
10.8,0.025,0.75,0.36,0.19,0.0,Braiding
165.0,0.0012,240.0,1.3,1.1,1.85,Braiding
6.3,0.025,1.85,0.9,0.32,10.6,Braiding
320.0,0.0005,1400.0,1.7,2.5,55.3,Braiding
10.4,0.025,0.65,0.34,0.18,0.0,Braiding
6.4,0.025,0.72,0.49,0.22,3.54,Braiding
7.6,0.025,2.21,0.86,0.33,19.1,Braiding
6.5,0.025,3.02,1.07,0.42,11.5,Braiding
5.8,0.025,0.59,0.48,0.21,0.747,Braiding
16.6,0.008,11.35,1.45,0.45,42.4,Braiding
9.4,0.025,0.42,0.27,0.16,0.0,Braiding
262.0,0.0016,1360.0,1.8,2.9,110.0,Braiding
6.1,0.025,0.76,0.56,0.22,1.27,Braiding
290.0,0.0023,2120.0,2.3,3.2,169.0,Braiding
209.0,0.0017,1090.0,2.0,2.6,52.6,Braiding
16.65,0.008,11.22,1.48,0.46,27.6,Braiding
6.4,0.025,1.24,0.73,0.26,9.05,Braiding
181.0,0.0012,714.0,1.7,2.3,282.0,Braiding
374.0,0.0005,1880.0,1.8,2.8,85.6,Braiding
8.0,0.025,1.97,0.88,0.28,5.68,Braiding
5.8,0.025,0.89,0.67,0.23,1.99,Braiding
191.0,0.0015,1010.0,2.2,2.4,156.0,Braiding
201.0,0.0012,1310.0,2.7,2.4,30.8,Braiding
323.0,0.00049,1080.0,1.7,2.0,93.2,Braiding
6.3,0.025,2.8,1.3,0.33,11.1,Braiding
110.0,0.0012,623.0,2.2,2.6,1150.0,Braiding
184.0,0.0014,646.0,2.1,1.7,12.3,Braiding
187.0,0.0014,765.0,2.2,1.8,47.2,Braiding
4.8,0.025,1.65,1.13,0.3,12.5,Braiding
290.0,0.00048,895.0,1.6,1.9,60.3,Braiding
189.0,0.0015,685.0,2.3,1.6,46.2,Braiding
6.9,0.025,0.54,0.46,0.17,0.167,Braiding
10.8,0.025,0.77,0.4,0.18,0.0,Braiding
286.0,0.0017,1330.0,2.0,2.4,33.7,Braiding
102.0,0.00096,188.0,1.5,1.2,125.0,Braiding
5.3,0.025,0.79,0.68,0.22,0.55,Braiding
7.7,0.025,2.32,0.93,0.32,9.96,Braiding
11.0,0.025,0.92,0.41,0.2,0.0,Braiding
197.0,0.0023,1110.0,2.0,2.8,138.0,Braiding
7.7,0.025,3.23,1.1,0.38,24.7,Braiding
7.0,0.025,1.27,0.71,0.25,2.31,Braiding
170.0,0.0013,479.0,2.0,14.0,6.82,Braiding
291.0,0.0017,2210.0,2.3,3.3,120.0,Braiding
5.1,0.025,1.08,0.63,0.32,3.42,Braiding
6.2,0.025,1.89,0.91,0.32,3.24,Braiding
15.9,0.008,5.49,1.01,0.35,2.7,Braiding
6.2,0.025,1.9,0.94,0.32,10.2,Braiding
16.65,0.008,10.59,1.44,0.44,69.3,Braiding
100.0,0.00074,261.0,1.5,1.7,299.0,Braiding
6.1,0.025,0.62,0.51,0.2,0.306,Braiding
7.0,0.025,1.37,0.71,0.27,3.6,Braiding
6.7,0.025,4.62,1.54,0.43,28.5,Braiding
5.7,0.025,1.44,0.94,0.27,2.58,Braiding
106.0,0.00096,303.0,1.7,1.7,61.4,Braiding
5.9,0.025,1.6,1.02,0.26,2.5,Braiding
104.0,0.00096,251.0,1.7,1.5,24.5,Braiding
8.3,0.025,3.59,1.23,0.35,17.9,Braiding
11.8,0.025,4.08,1.03,0.33,2.09,Braiding
7.8,0.025,2.81,1.17,0.3,20.6,Braiding
6.2,0.025,1.41,0.77,0.29,9.0,Braiding
106.0,0.00083,507.0,2.0,2.4,407.0,Braiding
6.2,0.025,4.26,1.42,0.47,4.28,Braiding
11.6,0.025,2.97,0.75,0.34,3.73,Braiding
182.0,0.0013,512.0,2.1,1.5,16.3,Braiding
284.0,0.0005,1010.0,1.9,2.1,57.7,Braiding
6.3,0.025,1.73,0.82,0.32,4.32,Braiding
6.1,0.025,0.99,0.71,0.23,0.297,Braiding
101.0,0.00039,212.0,1.2,1.7,221.0,Braiding
6.1,0.025,1.41,0.83,0.27,6.32,Braiding
103.0,0.00096,176.0,1.5,1.2,243.0,Braiding
204.0,0.0018,1350.0,2.2,3.0,124.0,Braiding
7.3,0.025,2.47,1.06,0.31,13.5,Braiding
181.0,0.0017,838.0,1.9,2.5,1500.0,Braiding
105.0,0.00096,351.0,1.9,1.7,141.0,Braiding
105.0,0.00096,254.0,1.7,1.5,80.2,Braiding
101.0,0.00096,191.0,1.4,1.3,112.0,Braiding
114.0,0.0011,646.0,2.1,2.6,839.0,Braiding
6.2,0.025,1.86,0.86,0.33,2.66,Braiding
6.2,0.025,1.52,0.82,0.29,7.66,Braiding
189.0,0.0012,861.0,2.4,1.9,19.3,Braiding
6.2,0.025,2.41,0.97,0.39,20.1,Braiding
288.0,0.0017,1580.0,2.0,2.8,86.8,Braiding
108.0,0.00096,643.0,2.6,2.4,261.0,Braiding
185.0,0.0012,595.0,1.8,1.8,12.1,Braiding
102.0,0.00096,171.0,1.4,1.2,24.7,Braiding
8.4,0.025,3.34,1.2,0.33,9.27,Braiding
101.0,0.00044,260.0,1.5,1.8,351.0,Braiding
7.5,0.025,2.15,0.96,0.3,21.9,Braiding
16.9,0.008,12.0,1.53,0.46,80.5,Braiding
